0.04736328125
-0.06591796875
0.04541015625
0.0
-0.04638671875
0.064453125
-0.04638671875
0.00244140625
0.04345703125
-0.06689453125
0.04736328125
-0.005859375
-0.04345703125
0.064453125
-0.05078125
0.0068359375
0.04052734375
-0.0654296875
0.05224609375
-0.009765625
-0.0400390625
0.0634765625
-0.05224609375
0.01171875
0.0361328125
-0.06494140625
0.0537109375
-0.01513671875
-0.03564453125
0.0634765625
-0.05517578125
0.015625
0.0322265625
-0.06298828125
0.05615234375
-0.01904296875
-0.03076171875
0.06298828125
-0.0576171875
0.02001953125
0.02783203125
-0.0625
0.05859375
-0.0234375
-0.02685546875
0.06103515625
-0.060546875
0.02490234375
0.02392578125
-0.060546875
0.0615234375
-0.02783203125
-0.02197265625
0.05859375
-0.06103515625
0.029296875
0.01806640625
-0.05859375
0.0634765625
-0.02978515625
-0.01708984375
0.05712890625
-0.06298828125
0.033203125
0.01513671875
-0.0546875
0.06396484375
-0.03564453125
-0.013671875
0.0537109375
-0.064453125
0.037109375
0.01025390625
-0.052734375
0.06396484375
-0.03857421875
-0.00927734375
0.05224609375
-0.06201171875
0.04052734375
0.005859375
-0.04931640625
0.0654296875
-0.04296875
-0.00341796875
0.0478515625
-0.0654296875
0.04443359375
0.00146484375
-0.04736328125
0.06591796875
-0.04541015625
0.0009765625
0.04443359375
-0.0654296875
0.0478515625
-0.0029296875
-0.0439453125
0.06591796875
-0.04833984375
0.005859375
0.0419921875
-0.06396484375
0.05126953125
-0.00830078125
-0.03955078125
0.064453125
-0.05078125
0.01025390625
0.0380859375
-0.0625
0.05322265625
-0.01220703125
-0.037109375
0.0634765625
-0.0546875
0.01416015625
0.03564453125
-0.0634765625
0.05712890625
-0.0166015625
-0.03125
0.0615234375
-0.056640625
0.01806640625
0.02978515625
-0.0615234375
0.05810546875
-0.02197265625
-0.02880859375
0.060546875
-0.0595703125
0.0224609375
0.02587890625
-0.06005859375
0.06103515625
-0.02490234375
-0.0234375
0.06005859375
-0.060546875
0.02880859375
0.02099609375
-0.05859375
0.0625
-0.03076171875
-0.0185546875
0.056640625
-0.0625
0.03173828125
0.01708984375
-0.05615234375
0.064453125
-0.0341796875
-0.015625
0.05419921875
-0.0634765625
0.03564453125
0.01220703125
-0.05322265625
0.06298828125
-0.037109375
-0.009765625
0.05078125
-0.06591796875
0.04052734375
0.00732421875
-0.05029296875
0.064453125
-0.0419921875
-0.005859375
0.05126953125
-0.0654296875
0.0439453125
0.001953125
-0.04833984375
0.064453125
-0.04541015625
-0.00146484375
0.04541015625
-0.0634765625
0.0458984375
-0.001953125
-0.04541015625
0.06591796875
-0.04833984375
0.0029296875
0.0419921875
-0.064453125
0.05029296875
-0.00634765625
-0.041015625
0.064453125
-0.05126953125
0.00927734375
0.03857421875
-0.06591796875
0.052734375
-0.01025390625
-0.03759765625
0.0625
-0.0546875
0.01318359375
0.0341796875
-0.06494140625
0.0546875
-0.01513671875
-0.033203125
0.064453125
-0.05517578125
0.01708984375
0.03076171875
-0.06396484375
0.05712890625
-0.02001953125
-0.029296875
0.06298828125
-0.0576171875
0.021484375
0.02734375
-0.06103515625
0.05859375
-0.0244140625
-0.02490234375
0.060546875
-0.060546875
0.0263671875
0.0224609375
-0.0595703125
0.060546875
-0.029296875
-0.02099609375
0.05615234375
-0.060546875
0.03125
0.017578125
-0.05908203125
0.0634765625
-0.03173828125
-0.01513671875
0.0556640625
-0.064453125
0.0341796875
0.01416015625
-0.0546875
0.06494140625
-0.0380859375
-0.01318359375
0.05322265625
-0.064453125
0.03857421875
0.00732421875
-0.05078125
0.06494140625
-0.0419921875
-0.005859375
0.0498046875
-0.064453125
0.041015625
0.00390625
-0.05029296875
0.0654296875
-0.0439453125
-0.0029296875
0.048828125
-0.064453125
0.044921875
-0.0009765625
-0.04541015625
0.06591796875
-0.04833984375
0.001953125
0.04296875
-0.0654296875
0.04833984375
-0.0048828125
-0.04296875
0.0654296875
-0.0498046875
0.0068359375
0.03857421875
-0.06640625
0.05126953125
-0.0078125
-0.03759765625
0.0625
-0.05322265625
0.01123046875
0.0361328125
-0.06494140625
0.05419921875
-0.01318359375
-0.0341796875
0.06494140625
-0.05517578125
0.0146484375
0.0322265625
-0.06396484375
0.056640625
-0.01904296875
-0.03125
0.0625
-0.05859375
0.02099609375
0.02978515625
-0.0625
0.05810546875
-0.0234375
-0.02587890625
0.06005859375
-0.0595703125
0.02587890625
0.0244140625
-0.05859375
0.06005859375
-0.02734375
-0.0224609375
0.05810546875
-0.06201171875
0.02880859375
0.01953125
-0.05908203125
0.0615234375
-0.0322265625
-0.01611328125
0.0546875
-0.06298828125
0.03271484375
0.01513671875
-0.0556640625
0.0634765625
-0.0361328125
-0.01220703125
0.0546875
-0.06591796875
0.03759765625
0.0107421875
-0.05419921875
0.06298828125
-0.041015625
-0.00830078125
0.05224609375
-0.06396484375
0.0439453125
0.00732421875
-0.05078125
0.06396484375
-0.04345703125
-0.0029296875
0.04736328125
-0.06591796875
0.04248046875
0.00048828125
-0.0478515625
0.06494140625
-0.0458984375
0.0009765625
0.04345703125
-0.06494140625
0.0498046875
-0.00244140625
-0.04443359375
0.06494140625
-0.04931640625
0.005859375
0.04150390625
-0.06494140625
0.05078125
-0.00830078125
-0.0400390625
0.06494140625
-0.05322265625
0.0107421875
0.03857421875
-0.0634765625
0.05517578125
-0.01220703125
-0.03759765625
0.06298828125
-0.0556640625
0.01611328125
0.033203125
-0.0634765625
0.056640625
-0.017578125
-0.0322265625
0.06201171875
-0.0576171875
0.01904296875
0.0302734375
-0.06005859375
0.0595703125
-0.02294921875
-0.02734375
0.060546875
-0.0615234375
0.02392578125
0.02392578125
-0.060546875
0.06005859375
-0.0263671875
-0.0224609375
0.0595703125
-0.06005859375
0.0283203125
0.02099609375
-0.05810546875
0.0615234375
-0.03076171875
-0.0185546875
0.05615234375
-0.0634765625
0.033203125
0.017578125
-0.056640625
0.06201171875
-0.03515625
-0.0146484375
0.05517578125
-0.06396484375
0.03759765625
0.01171875
-0.0546875
0.06298828125
-0.03857421875
-0.009765625
0.0517578125
-0.0654296875
0.0400390625
0.00830078125
-0.0517578125
0.06396484375
-0.04248046875
-0.00634765625
0.05029296875
-0.0654296875
0.0439453125
0.00390625
-0.04736328125
0.06494140625
-0.04638671875
-0.001953125
0.044921875
-0.06591796875
0.046875
-0.00146484375
-0.04541015625
0.064453125
-0.04833984375
0.00439453125
0.04345703125
-0.06591796875
0.0498046875
-0.00732421875
-0.041015625
0.06396484375
-0.052734375
0.00830078125
0.0390625
-0.06494140625
0.0517578125
-0.01220703125
-0.03759765625
0.06298828125
-0.05419921875
0.0126953125
0.0361328125
-0.0625
0.0556640625
-0.0166015625
-0.0341796875
0.0625
-0.05712890625
0.01611328125
0.03076171875
-0.06396484375
0.0576171875
-0.021484375
-0.02978515625
0.06201171875
-0.06005859375
0.021484375
0.02685546875
-0.06103515625
0.06103515625
-0.02490234375
-0.0263671875
0.06005859375
-0.06103515625
0.0263671875
0.021484375
-0.0595703125
0.06201171875
-0.029296875
-0.01953125
0.0576171875
-0.0625
0.0302734375
0.01806640625
-0.0576171875
0.06298828125
-0.03369140625
-0.01611328125
0.0546875
-0.064453125
0.03515625
0.013671875
-0.05517578125
0.064453125
-0.037109375
-0.01220703125
0.05224609375
-0.06298828125
0.0380859375
0.0087890625
-0.05322265625
0.06396484375
-0.04248046875
-0.0078125
0.04833984375
-0.06591796875
0.04296875
0.00439453125
-0.04931640625
0.06591796875
-0.04443359375
-0.00146484375
0.04541015625
-0.0634765625
0.04541015625
-0.00146484375
-0.046875
0.064453125
-0.04833984375
0.00341796875
0.04345703125
-0.06640625
0.04833984375
-0.00634765625
-0.041015625
0.0654296875
-0.05029296875
0.0078125
0.0400390625
-0.06298828125
0.0517578125
-0.0087890625
-0.0400390625
0.06396484375
-0.0537109375
0.01123046875
0.0361328125
-0.0625
0.0537109375
-0.0146484375
-0.03369140625
0.06298828125
-0.0576171875
0.0166015625
0.03173828125
-0.0634765625
0.056640625
-0.01953125
-0.02880859375
0.06103515625
-0.05859375
0.0224609375
0.02734375
-0.0625
0.0595703125
-0.0244140625
-0.02490234375
0.060546875
-0.06005859375
0.025390625
0.02392578125
-0.06005859375
0.06005859375
-0.02734375
-0.0205078125
0.05859375
-0.0625
0.02880859375
0.0185546875
-0.0576171875
0.06201171875
-0.03271484375
-0.01708984375
0.05712890625
-0.0625
0.0341796875
0.01416015625
-0.0556640625
0.0634765625
-0.03515625
-0.0126953125
0.05322265625
-0.064453125
0.037109375
0.01025390625
-0.0537109375
0.06494140625
-0.0400390625
-0.00732421875
0.0517578125
-0.06396484375
0.041015625
0.00634765625
-0.05029296875
0.0654296875
-0.04296875
-0.001953125
0.04736328125
-0.06494140625
0.04443359375
0.0
-0.04638671875
0.06640625
-0.04638671875
0.001953125
0.044921875
-0.06396484375
0.04736328125
-0.00341796875
-0.0439453125
0.06494140625
-0.04931640625
0.00537109375
0.0400390625
-0.064453125
0.05078125
-0.00830078125
-0.0400390625
0.064453125
-0.052734375
0.01025390625
0.03662109375
-0.06396484375
0.05322265625
-0.0126953125
-0.0361328125
0.06298828125
-0.05517578125
0.01416015625
0.03369140625
-0.0634765625
0.05517578125
-0.01708984375
-0.03173828125
0.060546875
-0.05712890625
0.0205078125
0.02978515625
-0.0615234375
0.0576171875
-0.0224609375
-0.0283203125
0.0615234375
-0.05859375
0.02490234375
0.02490234375
-0.06103515625
0.060546875
-0.02490234375
-0.0224609375
0.05908203125
-0.06201171875
0.02783203125
0.02001953125
-0.05859375
0.06201171875
-0.03076171875
-0.01806640625
0.056640625
-0.0634765625
0.0322265625
0.01708984375
-0.05517578125
0.06396484375
-0.03466796875
-0.013671875
0.05517578125
-0.0634765625
0.0361328125
0.01123046875
-0.05419921875
0.064453125
-0.03759765625
-0.009765625
0.05029296875
-0.064453125
0.041015625
0.0068359375
-0.0498046875
0.064453125
-0.04150390625
-0.00634765625
0.05029296875
-0.06591796875
0.04443359375
0.00341796875
-0.0478515625
0.06396484375
-0.04541015625
0.00048828125
0.04541015625
-0.06689453125
0.046875
-0.0029296875
-0.04541015625
0.0654296875
-0.04736328125
0.0029296875
0.04345703125
-0.06494140625
0.0498046875
-0.00732421875
-0.04052734375
0.064453125
-0.05078125
0.009765625
0.0400390625
-0.06396484375
0.05322265625
-0.01123046875
-0.03662109375
0.0625
-0.0546875
0.01318359375
0.03515625
-0.0634765625
0.05517578125
-0.0166015625
-0.03173828125
0.0625
-0.056640625
0.017578125
0.03076171875
-0.0615234375
0.05859375
-0.0205078125
-0.02880859375
0.0615234375
-0.05908203125
0.0234375
0.0263671875
-0.060546875
0.0595703125
-0.025390625
-0.0244140625
0.05908203125
-0.060546875
0.0283203125
0.0224609375
-0.05908203125
0.0625
-0.02978515625
-0.0205078125
0.05859375
-0.06103515625
0.03271484375
0.0185546875
-0.0576171875
0.06298828125
-0.03369140625
-0.01416015625
0.05419921875
-0.064453125
0.03515625
0.0126953125
-0.0546875
0.0654296875
-0.03662109375
-0.01220703125
0.0517578125
-0.064453125
0.0390625
0.0087890625
-0.05224609375
0.0634765625
-0.03955078125
-0.005859375
0.05029296875
-0.064453125
0.0419921875
0.00244140625
-0.04833984375
0.06591796875
-0.0439453125
-0.001953125
0.0458984375
-0.0654296875
0.046875
-0.001953125
-0.04541015625
0.0634765625
-0.04736328125
0.0029296875
0.04345703125
-0.06591796875
0.048828125
-0.00537109375
-0.04248046875
0.06591796875
-0.05029296875
0.00732421875
0.04052734375
-0.0654296875
0.052734375
-0.0087890625
-0.0390625
0.06494140625
-0.0546875
0.01123046875
0.03515625
-0.06494140625
0.05419921875
-0.01416015625
-0.0341796875
0.0634765625
-0.056640625
0.0166015625
0.03271484375
-0.06298828125
0.0576171875
-0.01904296875
-0.029296875
0.06103515625
-0.05908203125
0.02197265625
0.02685546875
-0.06103515625
0.05908203125
-0.025390625
-0.0263671875
0.06103515625
-0.060546875
0.02587890625
0.0234375
-0.06005859375
0.0595703125
-0.02783203125
-0.02197265625
0.05859375
-0.06201171875
0.03076171875
0.01953125
-0.056640625
0.0615234375
-0.033203125
-0.01708984375
0.056640625
-0.0634765625
0.033203125
0.01318359375
-0.05615234375
0.06201171875
-0.0361328125
-0.01318359375
0.05419921875
-0.06396484375
0.0380859375
0.0107421875
-0.05322265625
0.0634765625
-0.0400390625
-0.0087890625
0.048828125
-0.064453125
0.0419921875
0.005859375
-0.05029296875
0.064453125
-0.04443359375
-0.00439453125
0.04541015625
-0.0654296875
0.044921875
0.0
-0.04736328125
0.064453125
-0.04736328125
0.00146484375
0.04541015625
-0.06494140625
0.0478515625
-0.00341796875
-0.04248046875
0.064453125
-0.05029296875
0.005859375
0.04052734375
-0.06494140625
0.05029296875
-0.0087890625
-0.0390625
0.064453125
-0.0537109375
0.01123046875
0.03662109375
-0.06396484375
0.0537109375
-0.01220703125
-0.03466796875
0.0634765625
-0.0556640625
0.0146484375
0.03369140625
-0.0625
0.05517578125
-0.017578125
-0.0322265625
0.06201171875
-0.0576171875
0.02001953125
0.0302734375
-0.0625
0.05810546875
-0.0224609375
-0.02734375
0.06103515625
-0.05908203125
0.0234375
0.02490234375
-0.060546875
0.06103515625
-0.0263671875
-0.0234375
0.0576171875
-0.06103515625
0.02880859375
0.02197265625
-0.05712890625
0.0615234375
-0.03125
-0.02001953125
0.05712890625
-0.06201171875
0.03271484375
0.015625
-0.0556640625
0.06298828125
-0.03466796875
-0.01318359375
0.05419921875
-0.0634765625
0.03662109375
0.0107421875
-0.0546875
0.064453125
-0.0380859375
-0.0087890625
0.05224609375
-0.0654296875
0.04052734375
0.00634765625
-0.05078125
0.0654296875
-0.04248046875
-0.00634765625
0.048828125
-0.0654296875
0.04345703125
0.00244140625
-0.04736328125
0.0654296875
-0.0458984375
-0.0009765625
0.04443359375
-0.06591796875
0.046875
-0.0029296875
-0.04296875
0.06494140625
-0.04833984375
0.0048828125
0.04248046875
-0.06591796875
0.05029296875
-0.00830078125
-0.041015625
0.06494140625
-0.05126953125
0.009765625
0.03759765625
-0.06494140625
0.05322265625
-0.01220703125
-0.03564453125
0.06298828125
-0.05419921875
0.01416015625
0.03515625
-0.0634765625
0.05615234375
-0.01806640625
-0.0322265625
0.0625
-0.05712890625
0.01708984375
0.03125
-0.0634765625
0.05810546875
-0.02001953125
-0.0283203125
0.060546875
-0.05810546875
0.0224609375
0.025390625
-0.06103515625
0.0595703125
-0.02490234375
-0.02392578125
0.05810546875
-0.0615234375
0.02734375
0.02197265625
-0.05908203125
0.0615234375
-0.0302734375
-0.0205078125
0.05712890625
-0.0615234375
0.03125
0.01904296875
-0.056640625
0.06396484375
-0.03369140625
-0.01416015625
0.0546875
-0.06494140625
0.03515625
0.01318359375
-0.0546875
0.06298828125
-0.0380859375
-0.009765625
0.05224609375
-0.06640625
0.03955078125
0.0087890625
-0.05126953125
0.064453125
-0.041015625
-0.005859375
0.04833984375
-0.0654296875
0.0439453125
0.00341796875
-0.04833984375
0.06494140625
-0.044921875
-0.00146484375
0.0458984375
-0.06591796875
0.046875
-0.00146484375
-0.04443359375
0.06640625
-0.048828125
0.0029296875
0.04345703125
-0.06494140625
0.04931640625
-0.00537109375
-0.0400390625
0.064453125
-0.05224609375
0.00830078125
0.0400390625
-0.064453125
0.052734375
-0.01025390625
-0.0390625
0.06298828125
-0.0546875
0.01318359375
0.03466796875
-0.06298828125
0.0546875
-0.015625
-0.033203125
0.0625
-0.056640625
0.017578125
0.03076171875
-0.06396484375
0.05712890625
-0.01904296875
-0.03076171875
0.06201171875
-0.0595703125
0.021484375
0.02880859375
-0.06201171875
0.05810546875
-0.02490234375
-0.025390625
0.05859375
-0.06103515625
0.025390625
0.0234375
-0.06005859375
0.06005859375
-0.02783203125
-0.021484375
0.05810546875
-0.06005859375
0.029296875
0.01806640625
-0.056640625
0.0625
-0.033203125
-0.01708984375
0.0556640625
-0.064453125
0.03369140625
0.01416015625
-0.0546875
0.06298828125
-0.037109375
-0.013671875
0.052734375
-0.06396484375
0.0380859375
0.01025390625
-0.05224609375
0.064453125
-0.0400390625
-0.00830078125
0.05029296875
-0.06689453125
0.041015625
0.00537109375
-0.0478515625
0.0654296875
-0.0439453125
-0.0029296875
0.04736328125
-0.06689453125
0.04541015625
-0.0009765625
-0.04736328125
0.06591796875
-0.04638671875
0.0029296875
0.04443359375
-0.06640625
0.04833984375
-0.0048828125
-0.04296875
0.064453125
-0.05078125
0.0068359375
0.0400390625
-0.06494140625
0.05029296875
-0.01025390625
-0.0380859375
0.06494140625
-0.0517578125
0.01123046875
0.037109375
-0.064453125
0.0546875
-0.01318359375
-0.03515625
0.064453125
-0.05712890625
0.015625
0.03125
-0.0634765625
0.05615234375
-0.01708984375
-0.02978515625
0.06298828125
-0.05810546875
0.01953125
0.02783203125
-0.060546875
0.05908203125
-0.02294921875
-0.0263671875
0.06103515625
-0.06005859375
0.02392578125
0.0234375
-0.06005859375
0.060546875
-0.0263671875
-0.02197265625
0.0595703125
-0.060546875
0.02685546875
0.01904296875
-0.05859375
0.06201171875
-0.03125
-0.01806640625
0.056640625
-0.06298828125
0.033203125
0.0146484375
-0.05419921875
0.06396484375
-0.03515625
-0.01318359375
0.05419921875
-0.06396484375
0.0361328125
0.01171875
-0.05322265625
0.06396484375
-0.03955078125
-0.00830078125
0.05126953125
-0.064453125
0.041015625
0.00634765625
-0.0498046875
0.0654296875
-0.0439453125
-0.0048828125
0.0498046875
-0.06396484375
0.04443359375
0.0009765625
-0.04736328125
0.0654296875
-0.044921875
0.0009765625
0.04443359375
-0.06640625
0.04833984375
-0.00146484375
-0.04296875
0.06396484375
-0.04931640625
0.005859375
0.04150390625
-0.064453125
0.048828125
-0.0087890625
-0.0400390625
0.06396484375
-0.0517578125
0.00927734375
0.03857421875
-0.06396484375
0.0537109375
-0.01220703125
-0.03759765625
0.06396484375
-0.05517578125
0.0146484375
0.03466796875
-0.06298828125
0.0546875
-0.017578125
-0.0322265625
0.06298828125
-0.05712890625
0.01953125
0.02978515625
-0.06201171875
0.05810546875
-0.0205078125
-0.02783203125
0.06201171875
-0.06005859375
0.0234375
0.0244140625
-0.060546875
0.06103515625
-0.025390625
-0.0234375
0.06005859375
-0.06103515625
0.02587890625
0.021484375
-0.060546875
0.0615234375
-0.02978515625
-0.02001953125
0.05712890625
-0.0625
0.03271484375
0.0166015625
-0.05712890625
0.0625
-0.03466796875
-0.01416015625
0.0556640625
-0.06396484375
0.03564453125
0.01220703125
-0.0537109375
0.06396484375
-0.037109375
-0.01025390625
0.05224609375
-0.064453125
0.03955078125
0.0087890625
-0.05126953125
0.0654296875
-0.0419921875
-0.005859375
0.0498046875
-0.0654296875
0.04345703125
0.00439453125
-0.048828125
0.06396484375
-0.044921875
-0.001953125
0.04736328125
-0.06494140625
0.04638671875
-0.0009765625
-0.04443359375
0.0654296875
-0.05029296875
0.001953125
0.04150390625
-0.0654296875
0.04931640625
-0.00439453125
-0.04052734375
0.06396484375
-0.05078125
0.00830078125
0.0380859375
-0.06494140625
0.0517578125
-0.01025390625
-0.03662109375
0.06396484375
-0.0546875
0.013671875
0.0361328125
-0.06396484375
0.0537109375
-0.0166015625
-0.03466796875
0.06201171875
-0.05517578125
0.017578125
0.03076171875
-0.06201171875
0.05615234375
-0.01953125
-0.029296875
0.0625
-0.05908203125
0.02197265625
0.0263671875
-0.06201171875
0.05810546875
-0.02392578125
-0.0234375
0.060546875
-0.0615234375
0.02490234375
0.0224609375
-0.05908203125
0.0615234375
-0.029296875
-0.021484375
0.05712890625
-0.0634765625
0.03125
0.02001953125
-0.05712890625
0.0615234375
-0.033203125
-0.0166015625
0.0556640625
-0.06396484375
0.03271484375
0.01416015625
-0.05419921875
0.064453125
-0.03662109375
-0.01123046875
0.0517578125
-0.0654296875
0.03759765625
0.0078125
-0.05126953125
0.0654296875
-0.03857421875
-0.0078125
0.05224609375
-0.06640625
0.04150390625
0.005859375
-0.05029296875
0.06396484375
-0.044921875
-0.0029296875
0.046875
-0.0654296875
0.04443359375
0.0
-0.044921875
0.06591796875
-0.04736328125
0.00244140625
0.044921875
-0.064453125
0.05029296875
-0.00537109375
-0.04248046875
0.06494140625
-0.05029296875
0.00537109375
0.0390625
-0.06591796875
0.052734375
-0.00927734375
-0.0390625
0.06298828125
-0.0537109375
0.0126953125
0.0361328125
-0.064453125
0.05419921875
-0.013671875
-0.0361328125
0.06396484375
-0.0556640625
0.015625
0.03369140625
-0.0625
0.05810546875
-0.0185546875
-0.03125
0.0615234375
-0.0576171875
0.02099609375
0.02734375
-0.0615234375
0.05859375
-0.0234375
-0.02685546875
0.06005859375
-0.06103515625
0.025390625
0.02392578125
-0.05908203125
0.05908203125
-0.0263671875
-0.02099609375
0.05810546875
-0.0615234375
0.02880859375
0.0205078125
-0.0576171875
0.0634765625
-0.03125
-0.017578125
0.056640625
-0.06298828125
0.0341796875
0.015625
-0.05615234375
0.0634765625
-0.03564453125
-0.0126953125
0.0546875
-0.06396484375
0.03662109375
0.0107421875
-0.05224609375
0.0634765625
-0.03955078125
-0.0078125
0.05126953125
-0.064453125
0.0400390625
0.00537109375
-0.048828125
0.06494140625
-0.04345703125
-0.0048828125
0.048828125
-0.06494140625
0.04443359375
0.00146484375
-0.04736328125
0.06591796875
-0.0458984375
0.001953125
0.044921875
-0.06591796875
0.04736328125
-0.0029296875
-0.04345703125
0.0654296875
-0.05029296875
0.00537109375
0.04248046875
-0.06396484375
0.05029296875
-0.00732421875
-0.04052734375
0.06396484375
-0.052734375
0.009765625
0.03759765625
-0.06494140625
0.0546875
-0.013671875
-0.03564453125
0.064453125
-0.05517578125
0.0146484375
0.033203125
-0.0634765625
0.05615234375
-0.01708984375
-0.0322265625
0.06103515625
-0.05859375
0.01806640625
0.029296875
-0.0634765625
0.0576171875
-0.021484375
-0.02783203125
0.06005859375
-0.060546875
0.02392578125
0.02587890625
-0.060546875
0.06005859375
-0.02685546875
-0.02392578125
0.05908203125
-0.0625
0.0283203125
0.02197265625
-0.05908203125
0.0625
-0.0302734375
-0.0205078125
0.056640625
-0.06396484375
0.03125
0.0166015625
-0.0556640625
0.06298828125
-0.0341796875
-0.0146484375
0.0556640625
-0.06298828125
0.03662109375
0.0126953125
-0.05322265625
0.0634765625
-0.03759765625
-0.0087890625
0.052734375
-0.06494140625
0.03955078125
0.00830078125
-0.0517578125
0.064453125
-0.0419921875
-0.00439453125
0.04833984375
-0.06494140625
0.04248046875
0.001953125
-0.0478515625
0.064453125
-0.0439453125
-0.00048828125
0.046875
-0.064453125
0.046875
-0.0009765625
-0.0439453125
0.064453125
-0.04833984375
0.00244140625
0.04248046875
-0.06298828125
0.0498046875
-0.00634765625
-0.04052734375
0.06396484375
-0.0517578125
0.0087890625
0.0400390625
-0.06396484375
0.052734375
-0.0107421875
-0.03857421875
0.064453125
-0.0537109375
0.01416015625
0.03515625
-0.06396484375
0.05517578125
-0.01708984375
-0.03466796875
0.06396484375
-0.056640625
0.01708984375
0.03173828125
-0.06298828125
0.05712890625
-0.01953125
-0.0302734375
0.0625
-0.05859375
0.0234375
0.02685546875
-0.06103515625
0.05908203125
-0.0234375
-0.0244140625
0.060546875
-0.060546875
0.025390625
0.021484375
-0.06005859375
0.0615234375
-0.03076171875
-0.021484375
0.0576171875
-0.06103515625
0.03173828125
0.0185546875
-0.056640625
0.0625
-0.0341796875
-0.01708984375
0.0556640625
-0.06298828125
0.03564453125
0.01513671875
-0.05517578125
0.06396484375
-0.03857421875
-0.01220703125
0.052734375
-0.06494140625
0.0380859375
0.00927734375
-0.05224609375
0.06494140625
-0.04052734375
-0.005859375
0.05029296875
-0.06591796875
0.04248046875
0.00537109375
-0.0478515625
0.06396484375
-0.0458984375
-0.00244140625
0.048828125
-0.064453125
0.0458984375
-0.0009765625
-0.044921875
0.0654296875
-0.0478515625
0.001953125
0.04296875
-0.064453125
0.04736328125
-0.005859375
-0.04248046875
0.06591796875
-0.04931640625
0.0068359375
0.0400390625
-0.064453125
0.05224609375
-0.00927734375
-0.0390625
0.0634765625
-0.05322265625
0.0107421875
0.0361328125
-0.064453125
0.0556640625
-0.01416015625
-0.03466796875
0.06201171875
-0.05517578125
0.01806640625
0.03271484375
-0.06298828125
0.0556640625
-0.01904296875
-0.0302734375
0.06298828125
-0.05810546875
0.0205078125
0.02783203125
-0.0625
0.05908203125
-0.02294921875
-0.0263671875
0.060546875
-0.06103515625
0.02490234375
0.02490234375
-0.05908203125
0.060546875
-0.0283203125
-0.02294921875
0.05859375
-0.06298828125
0.02880859375
0.02001953125
-0.0576171875
0.06201171875
-0.03125
-0.01708984375
0.0576171875
-0.06298828125
0.03271484375
0.01513671875
-0.05517578125
0.06396484375
-0.03369140625
-0.0126953125
0.0537109375
-0.064453125
0.037109375
0.00927734375
-0.05322265625
0.064453125
-0.03759765625
-0.00927734375
0.04931640625
-0.0634765625
0.041015625
0.0048828125
-0.0498046875
0.06494140625
-0.0439453125
-0.00439453125
0.046875
-0.0654296875
0.04443359375
0.001953125
-0.046875
0.0654296875
-0.0458984375
0.001953125
0.044921875
-0.0654296875
0.046875
-0.00341796875
-0.0439453125
0.06396484375
-0.0498046875
0.005859375
0.041015625
-0.06591796875
0.0498046875
-0.0078125
-0.03955078125
0.064453125
-0.05322265625
0.01220703125
0.037109375
-0.064453125
0.05322265625
-0.01220703125
-0.0361328125
0.06298828125
-0.0546875
0.01416015625
0.033203125
-0.06396484375
0.056640625
-0.017578125
-0.03125
0.0625
-0.05615234375
0.02001953125
0.029296875
-0.06201171875
0.05908203125
-0.02197265625
-0.02734375
0.0595703125
-0.06005859375
0.02490234375
0.0263671875
-0.060546875
0.060546875
-0.02490234375
-0.0234375
0.05908203125
-0.060546875
0.02783203125
0.02001953125
-0.05810546875
0.0634765625
-0.02978515625
-0.01904296875
0.0556640625
-0.06298828125
0.03271484375
0.01611328125
-0.0556640625
0.06298828125
-0.03369140625
-0.01318359375
0.05517578125
-0.06298828125
0.0361328125
0.0126953125
-0.05322265625
0.0654296875
-0.0380859375
-0.01025390625
0.05224609375
-0.06494140625
0.03955078125
0.0068359375
-0.05126953125
0.06396484375
-0.04150390625
-0.00537109375
0.0478515625
-0.0654296875
0.04248046875
0.001953125
-0.046875
0.06396484375
-0.044921875
-0.00048828125
0.04541015625
-0.06494140625
0.046875
-0.00244140625
-0.0439453125
0.06396484375
-0.04833984375
0.00390625
0.0419921875
-0.064453125
0.05029296875
-0.0048828125
-0.04150390625
0.0634765625
-0.05078125
0.01025390625
0.0380859375
-0.06591796875
0.05224609375
-0.01318359375
-0.0380859375
0.0634765625
-0.05322265625
0.01318359375
0.03515625
-0.06396484375
0.05517578125
-0.01513671875
-0.03271484375
0.0625
-0.05517578125
0.01904296875
0.03173828125
-0.0625
0.0576171875
-0.01953125
-0.02880859375
0.060546875
-0.06005859375
0.02099609375
0.02587890625
-0.060546875
0.060546875
-0.025390625
-0.025390625
0.060546875
-0.06005859375
0.02734375
0.0224609375
-0.0595703125
0.0615234375
-0.02880859375
-0.0205078125
0.0576171875
-0.0625
0.0302734375
0.01806640625
-0.0576171875
0.06396484375
-0.03369140625
-0.015625
0.05517578125
-0.06201171875
0.03515625
0.0126953125
-0.0537109375
0.0634765625
-0.0380859375
-0.01123046875
0.05322265625
-0.064453125
0.03955078125
0.00927734375
-0.0517578125
0.06494140625
-0.041015625
-0.00830078125
0.05029296875
-0.06396484375
0.0419921875
0.00341796875
-0.048828125
0.06591796875
-0.044921875
-0.00341796875
0.04736328125
-0.06396484375
0.04638671875
-0.001953125
-0.04638671875
0.06396484375
-0.046875
0.0029296875
0.04296875
-0.06494140625
0.04931640625
-0.0048828125
-0.0419921875
0.06494140625
-0.05224609375
0.00634765625
0.04052734375
-0.06396484375
0.05224609375
-0.01025390625
-0.03759765625
0.0654296875
-0.052734375
0.01220703125
0.03515625
-0.06298828125
0.05322265625
-0.0146484375
-0.03564453125
0.06298828125
-0.0556640625
0.0166015625
0.03271484375
-0.0615234375
0.05517578125
-0.0185546875
-0.03125
0.0615234375
-0.05712890625
0.0205078125
0.0283203125
-0.06005859375
0.05908203125
-0.0224609375
-0.02685546875
0.06005859375
-0.06005859375
0.0263671875
0.0224609375
-0.0595703125
0.0615234375
-0.02783203125
-0.0224609375
0.0576171875
-0.06201171875
0.029296875
0.01953125
-0.05810546875
0.0625
-0.03125
-0.01806640625
0.056640625
-0.06298828125
0.03369140625
0.015625
-0.0546875
0.0634765625
-0.03564453125
-0.01318359375
0.05419921875
-0.06396484375
0.0390625
0.0107421875
-0.0517578125
0.06298828125
-0.0400390625
-0.0078125
0.05078125
-0.06494140625
0.041015625
0.00634765625
-0.0498046875
0.06396484375
-0.04296875
-0.00244140625
0.04833984375
-0.0654296875
0.0439453125
0.0
-0.04638671875
0.0654296875
-0.044921875
0.001953125
0.04443359375
-0.06640625
0.0478515625
-0.00341796875
-0.04150390625
0.06640625
-0.04931640625
0.005859375
0.0400390625
-0.0654296875
0.05078125
-0.0078125
-0.0390625
0.064453125
-0.0517578125
0.009765625
0.03662109375
-0.06591796875
0.052734375
-0.013671875
-0.03662109375
0.0634765625
-0.0546875
0.0146484375
0.03271484375
-0.064453125
0.05712890625
-0.01708984375
-0.0302734375
0.06201171875
-0.0576171875
0.0205078125
0.02783203125
-0.06201171875
0.0576171875
-0.02197265625
-0.02783203125
0.0595703125
-0.05908203125
0.02392578125
0.0263671875
-0.060546875
0.0595703125
-0.0263671875
-0.025390625
0.05859375
-0.060546875
0.02880859375
0.0205078125
-0.05859375
0.0615234375
-0.03125
-0.01953125
0.05810546875
-0.06298828125
0.03173828125
0.01611328125
-0.0556640625
0.0625
-0.03564453125
-0.013671875
0.05419921875
-0.06396484375
0.03662109375
0.0107421875
-0.05322265625
0.064453125
-0.03955078125
-0.009765625
0.05126953125
-0.064453125
0.041015625
0.00634765625
-0.05126953125
0.064453125
-0.04052734375
-0.0048828125
0.04931640625
-0.06494140625
0.0439453125
0.00244140625
-0.04736328125
0.06494140625
-0.0458984375
-0.00048828125
0.046875
-0.06640625
0.046875
-0.00244140625
-0.044921875
0.064453125
-0.048828125
0.0048828125
0.041015625
-0.06494140625
0.0498046875
-0.005859375
-0.03955078125
0.06494140625
-0.0517578125
0.00927734375
0.03857421875
-0.064453125
0.05322265625
-0.01123046875
-0.03662109375
0.0634765625
-0.0546875
0.013671875
0.03466796875
-0.06396484375
0.05419921875
-0.01611328125
-0.03173828125
0.06201171875
-0.05712890625
0.01806640625
0.03125
-0.0625
0.05810546875
-0.02197265625
-0.0283203125
0.06201171875
-0.05810546875
0.0234375
0.0263671875
-0.060546875
0.05908203125
-0.02587890625
-0.02392578125
0.05908203125
-0.060546875
0.02783203125
0.0224609375
-0.05908203125
0.0615234375
-0.0283203125
-0.02001953125
0.05712890625
-0.06298828125
0.03125
0.017578125
-0.056640625
0.0615234375
-0.0341796875
-0.01513671875
0.05419921875
-0.064453125
0.03515625
0.01318359375
-0.05419921875
0.06298828125
-0.03662109375
-0.009765625
0.052734375
-0.064453125
0.0400390625
0.00830078125
-0.05224609375
0.064453125
-0.04150390625
-0.005859375
0.04931640625
-0.064453125
0.04296875
0.00341796875
-0.0478515625
0.06494140625
-0.04541015625
-0.00146484375
0.04638671875
-0.06591796875
0.0439453125
-0.0009765625
-0.04443359375
0.0654296875
-0.046875
0.0029296875
0.04296875
-0.064453125
0.048828125
-0.0029296875
-0.041015625
0.0634765625
-0.0517578125
0.0087890625
0.0390625
-0.06591796875
0.05224609375
-0.01025390625
-0.03857421875
0.06298828125
-0.05419921875
0.01171875
0.0361328125
-0.0634765625
0.0556640625
-0.0146484375
-0.03466796875
0.064453125
-0.05615234375
0.01611328125
0.03173828125
-0.06298828125
0.05615234375
-0.01904296875
-0.029296875
0.0625
-0.05859375
0.02099609375
0.02685546875
-0.06005859375
0.0595703125
-0.0244140625
-0.0244140625
0.060546875
-0.0595703125
0.02490234375
0.02294921875
-0.0595703125
0.060546875
-0.02880859375
-0.02197265625
0.05810546875
-0.06298828125
0.03076171875
0.01904296875
-0.05712890625
0.0615234375
-0.03173828125
-0.01708984375
0.0556640625
-0.064453125
0.03369140625
0.0146484375
-0.0556640625
0.0634765625
-0.03515625
-0.01171875
0.05419921875
-0.06494140625
0.03759765625
0.01025390625
-0.052734375
0.064453125
-0.03955078125
-0.0078125
0.0498046875
-0.06494140625
0.041015625
0.00537109375
-0.05029296875
0.06396484375
-0.04443359375
-0.00341796875
0.048828125
-0.0654296875
0.04541015625
0.00146484375
-0.046875
0.06396484375
-0.0478515625
0.00244140625
0.0439453125
-0.0654296875
0.048828125
-0.00341796875
-0.04296875
0.06494140625
-0.0498046875
0.00634765625
0.03955078125
-0.064453125
0.05078125
-0.0087890625
-0.0390625
0.06494140625
-0.05419921875
0.01171875
0.037109375
-0.064453125
0.0537109375
-0.0126953125
-0.0341796875
0.06298828125
-0.05615234375
0.01513671875
0.033203125
-0.0625
0.056640625
-0.017578125
-0.0322265625
0.06298828125
-0.0576171875
0.01953125
0.02978515625
-0.0625
0.05859375
-0.0224609375
-0.02587890625
0.0615234375
-0.06005859375
0.02392578125
0.02490234375
-0.06103515625
0.060546875
-0.02685546875
-0.0234375
0.05908203125
-0.06103515625
0.02880859375
0.0205078125
-0.05859375
0.0615234375
-0.03076171875
-0.0185546875
0.05615234375
-0.0625
0.03271484375
0.0166015625
-0.0556640625
0.0625
-0.03466796875
-0.013671875
0.05419921875
-0.06396484375
0.0361328125
0.0107421875
-0.052734375
0.064453125
-0.0400390625
-0.00830078125
0.0517578125
-0.06494140625
0.041015625
0.00732421875
-0.05029296875
0.06396484375
-0.04345703125
-0.00341796875
0.048828125
-0.064453125
0.0439453125
0.001953125
-0.04736328125
0.06591796875
-0.0458984375
-0.00048828125
0.044921875
-0.0654296875
0.04833984375
-0.00439453125
-0.0439453125
0.06494140625
-0.04931640625
0.00390625
0.04248046875
-0.064453125
0.05078125
-0.00732421875
-0.03955078125
0.06396484375
-0.05224609375
0.00927734375
0.0390625
-0.06494140625
0.052734375
-0.01171875
-0.03564453125
0.06396484375
-0.05517578125
0.015625
0.03466796875
-0.0634765625
0.05712890625
-0.0166015625
-0.033203125
0.06201171875
-0.056640625
0.0185546875
0.0302734375
-0.0615234375
0.05810546875
-0.021484375
-0.0283203125
0.06201171875
-0.0595703125
0.02490234375
0.0263671875
-0.06201171875
0.060546875
-0.02490234375
-0.02392578125
0.06005859375
-0.06201171875
0.02734375
0.02294921875
-0.05859375
0.0615234375
-0.02978515625
-0.02001953125
0.0576171875
-0.06298828125
0.03076171875
0.01806640625
-0.0556640625
0.06298828125
-0.0341796875
-0.015625
0.05517578125
-0.06494140625
0.0361328125
0.01318359375
-0.0546875
0.0625
-0.037109375
-0.00927734375
0.052734375
-0.064453125
0.0390625
0.0087890625
-0.0517578125
0.0634765625
-0.041015625
-0.005859375
0.048828125
-0.06494140625
0.044921875
0.00390625
-0.04833984375
0.064453125
-0.044921875
-0.0009765625
0.04638671875
-0.0654296875
0.04541015625
-0.0009765625
-0.04541015625
0.06591796875
-0.0478515625
0.00390625
0.0419921875
-0.06640625
0.048828125
-0.00634765625
-0.0400390625
0.0634765625
-0.0517578125
0.00732421875
0.0390625
-0.06494140625
0.05126953125
-0.0107421875
-0.03662109375
0.064453125
-0.052734375
0.01220703125
0.03564453125
-0.064453125
0.05517578125
-0.01513671875
-0.0341796875
0.0625
-0.0556640625
0.01708984375
0.0322265625
-0.0634765625
0.0576171875
-0.01953125
-0.02978515625
0.0615234375
-0.05810546875
0.0205078125
0.02734375
-0.06103515625
0.05859375
-0.02392578125
-0.02587890625
0.060546875
-0.06103515625
0.025390625
0.02197265625
-0.06005859375
0.06103515625
-0.02783203125
-0.021484375
0.05859375
-0.06201171875
0.0322265625
0.01953125
-0.05615234375
0.0634765625
-0.0322265625
-0.017578125
0.0546875
-0.0634765625
0.03369140625
0.0126953125
-0.0546875
0.06201171875
-0.03564453125
-0.01220703125
0.05224609375
-0.06494140625
0.0380859375
0.009765625
-0.05224609375
0.06298828125
-0.0400390625
-0.00830078125
0.04931640625
-0.0654296875
0.0419921875
0.0048828125
-0.0498046875
0.064453125
-0.0439453125
-0.0029296875
0.0478515625
-0.06591796875
0.044921875
-0.00048828125
-0.0458984375
0.064453125
-0.046875
0.001953125
0.04443359375
-0.06396484375
0.0478515625
-0.0048828125
-0.04296875
0.064453125
-0.05126953125
0.00732421875
0.041015625
-0.0654296875
0.05078125
-0.0087890625
-0.0390625
0.064453125
-0.05322265625
0.01025390625
0.03759765625
-0.06201171875
0.0537109375
-0.013671875
-0.0361328125
0.06298828125
-0.0546875
0.015625
0.033203125
-0.06298828125
0.0556640625
-0.01953125
-0.03125
0.0625
-0.05712890625
0.021484375
0.0283203125
-0.0625
0.05908203125
-0.02294921875
-0.02685546875
0.0595703125
-0.06005859375
0.0244140625
0.0244140625
-0.05908203125
0.06103515625
-0.0263671875
-0.02294921875
0.05810546875
-0.06103515625
0.02783203125
0.02001953125
-0.05810546875
0.06298828125
-0.03125
-0.01953125
0.05615234375
-0.0634765625
0.03369140625
0.0166015625
-0.05615234375
0.06201171875
-0.03662109375
-0.013671875
0.05517578125
-0.06396484375
0.03662109375
0.0107421875
-0.05224609375
0.06494140625
-0.04052734375
-0.00927734375
0.05126953125
-0.06396484375
0.041015625
0.00634765625
-0.05078125
0.06494140625
-0.04150390625
-0.00390625
0.04833984375
-0.06591796875
0.04443359375
0.001953125
-0.046875
0.06591796875
-0.0458984375
0.00048828125
0.04541015625
-0.06591796875
0.04736328125
-0.00341796875
-0.04345703125
0.0654296875
-0.048828125
0.00634765625
0.04248046875
-0.06494140625
0.05029296875
-0.00830078125
-0.0390625
0.064453125
-0.0517578125
0.009765625
0.03955078125
-0.0654296875
0.0517578125
-0.01318359375
-0.03515625
0.064453125
-0.05322265625
0.01513671875
0.0341796875
-0.06298828125
0.056640625
-0.0166015625
-0.03271484375
0.06298828125
-0.05712890625
0.01953125
0.03125
-0.06103515625
0.056640625
-0.0205078125
-0.029296875
0.0615234375
-0.0595703125
0.0244140625
0.0263671875
-0.060546875
0.0595703125
-0.02734375
-0.02490234375
0.05859375
-0.06201171875
0.02783203125
0.021484375
-0.05908203125
0.0615234375
-0.02978515625
-0.02001953125
0.05810546875
-0.06298828125
0.03076171875
0.015625
-0.0576171875
0.06201171875
-0.0341796875
-0.01513671875
0.05517578125
-0.06396484375
0.037109375
0.01318359375
-0.0546875
0.06396484375
-0.0380859375
-0.0087890625
0.0537109375
-0.064453125
0.04052734375
0.0078125
-0.05126953125
0.06494140625
-0.04248046875
-0.005859375
0.0498046875
-0.06591796875
0.04296875
0.00341796875
-0.048828125
0.06494140625
-0.04541015625
0.0
0.046875
-0.064453125
0.0458984375
-0.00244140625
-0.04541015625
0.06494140625
-0.048828125
0.00390625
0.04443359375
-0.064453125
0.05029296875
-0.00634765625
-0.04150390625
0.06591796875
-0.05224609375
0.00732421875
0.0380859375
-0.064453125
0.052734375
-0.01123046875
-0.037109375
0.064453125
-0.052734375
0.013671875
0.03515625
-0.0634765625
0.0556640625
-0.0166015625
-0.03515625
0.0634765625
-0.0556640625
0.0185546875
0.03173828125
-0.0625
0.0576171875
-0.0205078125
-0.029296875
0.0625
-0.0595703125
0.021484375
0.02783203125
-0.06201171875
0.05859375
-0.02490234375
-0.02490234375
0.060546875
-0.0615234375
0.02587890625
0.02490234375
-0.0595703125
0.06103515625
-0.0283203125
-0.02099609375
0.05810546875
-0.0615234375
0.0302734375
0.0185546875
-0.056640625
0.06201171875
-0.0322265625
-0.0166015625
0.05517578125
-0.06396484375
0.03369140625
0.01318359375
-0.0546875
0.0634765625
-0.03564453125
-0.01171875
0.052734375
-0.06494140625
0.03857421875
0.0087890625
-0.052734375
0.06396484375
-0.04150390625
-0.00732421875
0.05126953125
-0.064453125
0.04150390625
0.00537109375
-0.04931640625
0.0654296875
-0.044921875
-0.00341796875
0.0478515625
-0.064453125
0.046875
0.00048828125
-0.0458984375
0.0654296875
-0.046875
0.0029296875
0.0439453125
-0.0634765625
0.0498046875
-0.0029296875
-0.04296875
0.064453125
-0.05078125
0.0068359375
0.041015625
-0.06591796875
0.05029296875
-0.01025390625
-0.03857421875
0.06494140625
-0.05419921875
0.0107421875
0.037109375
-0.064453125
0.0537109375
-0.0146484375
-0.03564453125
0.0625
-0.05615234375
0.0146484375
0.03076171875
-0.06201171875
0.05712890625
-0.0185546875
-0.03125
0.06201171875
-0.05810546875
0.02197265625
0.029296875
-0.06103515625
0.05908203125
-0.02392578125
-0.0263671875
0.06103515625
-0.06005859375
0.025390625
0.0244140625
-0.0595703125
0.06005859375
-0.02734375
-0.02197265625
0.05859375
-0.0615234375
0.02880859375
0.0205078125
-0.05859375
0.0615234375
-0.03173828125
-0.017578125
0.05712890625
-0.0634765625
0.03173828125
0.01513671875
-0.0546875
0.0634765625
-0.03466796875
-0.01220703125
0.0546875
-0.0625
0.037109375
0.0107421875
-0.052734375
0.06201171875
-0.0390625
-0.00830078125
0.0517578125
-0.06494140625
0.0400390625
0.005859375
-0.04931640625
0.06494140625
-0.0419921875
-0.00341796875
0.04931640625
-0.06591796875
0.04443359375
0.0009765625
-0.04736328125
0.064453125
-0.046875
0.00048828125
0.046875
-0.06591796875
0.0478515625
-0.0029296875
-0.04443359375
0.06396484375
-0.04931640625
0.00537109375
0.041015625
-0.0654296875
0.05126953125
-0.00830078125
-0.03955078125
0.0654296875
-0.05322265625
0.0087890625
0.0380859375
-0.06396484375
0.0537109375
-0.01220703125
-0.0361328125
0.06298828125
-0.05517578125
0.013671875
0.03515625
-0.0625
0.05615234375
-0.0185546875
-0.03173828125
0.0615234375
-0.05810546875
0.01806640625
0.02978515625
-0.0625
0.0576171875
-0.02099609375
-0.02783203125
0.06005859375
-0.06005859375
0.0234375
0.0263671875
-0.06005859375
0.06005859375
-0.0263671875
-0.0234375
0.05908203125
-0.06201171875
0.0283203125
0.021484375
-0.05908203125
0.06103515625
-0.0302734375
-0.01953125
0.0556640625
-0.0634765625
0.03173828125
0.01708984375
-0.05615234375
0.0634765625
-0.03173828125
-0.01416015625
0.0556640625
-0.06396484375
0.03515625
0.0126953125
-0.05322265625
0.064453125
-0.0380859375
-0.01025390625
0.05224609375
-0.06640625
0.04052734375
0.0068359375
-0.0517578125
0.06396484375
-0.041015625
-0.005859375
0.048828125
-0.0654296875
0.04296875
0.00244140625
-0.0478515625
0.064453125
-0.0458984375
-0.0009765625
0.04638671875
-0.06494140625
0.04638671875
-0.00244140625
-0.044921875
0.0634765625
-0.04931640625
0.0048828125
0.04296875
-0.06494140625
0.0498046875
-0.00732421875
-0.041015625
0.06396484375
-0.05224609375
0.0087890625
0.03955078125
-0.064453125
0.0517578125
-0.01123046875
-0.03662109375
0.06298828125
-0.0556640625
0.0126953125
0.0361328125
-0.064453125
0.0546875
-0.0166015625
-0.0341796875
0.0625
-0.05615234375
0.01806640625
0.03125
-0.06396484375
0.0576171875
-0.01953125
-0.029296875
0.0615234375
-0.0595703125
0.02197265625
0.02734375
-0.0625
0.05908203125
-0.02392578125
-0.02587890625
0.0615234375
-0.0595703125
0.02685546875
0.02294921875
-0.06005859375
0.06201171875
-0.02685546875
-0.0205078125
0.05712890625
-0.0625
0.03076171875
0.01953125
-0.056640625
0.0625
-0.03369140625
-0.01611328125
0.0546875
-0.0634765625
0.03515625
0.0146484375
-0.05322265625
0.06298828125
-0.037109375
-0.0107421875
0.05224609375
-0.064453125
0.03759765625
0.0078125
-0.052734375
0.06494140625
-0.04052734375
-0.0078125
0.04833984375
-0.06640625
0.04248046875
0.00390625
-0.04833984375
0.064453125
-0.044921875
-0.00244140625
0.0458984375
-0.06494140625
0.0458984375
-0.0009765625
-0.0458984375
0.0654296875
-0.04833984375
0.001953125
0.04345703125
-0.0654296875
0.04931640625
-0.00537109375
-0.0419921875
0.06591796875
-0.05126953125
0.00537109375
0.04052734375
-0.0634765625
0.052734375
-0.01025390625
-0.03857421875
0.06396484375
-0.05322265625
0.01220703125
0.03662109375
-0.0654296875
0.05517578125
-0.01318359375
-0.03564453125
0.0625
-0.05712890625
0.01708984375
0.03271484375
-0.0625
0.05615234375
-0.0185546875
-0.03125
0.0625
-0.05810546875
0.02099609375
0.02880859375
-0.0615234375
0.05908203125
-0.02294921875
-0.0263671875
0.060546875
-0.0595703125
0.0244140625
0.0244140625
-0.06005859375
0.060546875
-0.02734375
-0.0224609375
0.05810546875
-0.0634765625
0.02880859375
0.01904296875
-0.0576171875
0.06298828125
-0.03125
-0.01708984375
0.0556640625
-0.06396484375
0.033203125
0.013671875
-0.05615234375
0.0634765625
-0.03466796875
-0.01220703125
0.052734375
-0.06298828125
0.03759765625
0.01025390625
-0.05322265625
0.064453125
-0.03955078125
-0.0078125
0.05126953125
-0.0654296875
0.0400390625
0.00634765625
-0.04931640625
0.064453125
-0.0439453125
-0.0029296875
0.04833984375
-0.06640625
0.044921875
0.00146484375
-0.04736328125
0.0654296875
-0.04638671875
-0.00048828125
0.04345703125
-0.06640625
0.04638671875
-0.00244140625
-0.0419921875
0.064453125
-0.0498046875
0.00537109375
0.041015625
-0.06640625
0.05029296875
-0.0078125
-0.03857421875
0.064453125
-0.052734375
0.0107421875
0.037109375
-0.0634765625
0.05322265625
-0.01318359375
-0.03515625
0.0625
-0.05615234375
0.0146484375
0.0341796875
-0.06298828125
0.05615234375
-0.01708984375
-0.0322265625
0.0615234375
-0.05810546875
0.0205078125
0.02978515625
-0.06201171875
0.05908203125
-0.021484375
-0.02783203125
0.06103515625
-0.06005859375
0.02294921875
0.025390625
-0.06103515625
0.0595703125
-0.02685546875
-0.02392578125
0.05859375
-0.060546875
0.0283203125
0.0205078125
-0.05810546875
0.060546875
-0.03076171875
-0.0185546875
0.05615234375
-0.0625
0.03271484375
0.0185546875
-0.05615234375
0.06298828125
-0.0341796875
-0.0146484375
0.0546875
-0.06396484375
0.03662109375
0.0126953125
-0.05322265625
0.06396484375
-0.03857421875
-0.01123046875
0.05224609375
-0.064453125
0.03955078125
0.0078125
-0.05078125
0.064453125
-0.04248046875
-0.0068359375
0.04931640625
-0.064453125
0.04345703125
0.00244140625
-0.04736328125
0.06494140625
-0.044921875
-0.00048828125
0.04541015625
-0.06494140625
0.04638671875
-0.0029296875
-0.044921875
0.06494140625
-0.05029296875
0.0048828125
0.04345703125
-0.06494140625
0.04931640625
-0.0078125
-0.04052734375
0.0625
-0.0517578125
0.0087890625
0.0380859375
-0.06396484375
0.05322265625
-0.01025390625
-0.03662109375
0.06396484375
-0.05322265625
0.013671875
0.0341796875
-0.064453125
0.0576171875
-0.01611328125
-0.0341796875
0.06298828125
-0.05859375
0.01708984375
0.03076171875
-0.06298828125
0.05859375
-0.02099609375
-0.02734375
0.06201171875
-0.05908203125
0.0224609375
0.0263671875
-0.06005859375
0.06103515625
-0.02587890625
-0.0244140625
0.0595703125
-0.060546875
0.0263671875
0.02294921875
-0.05810546875
0.060546875
-0.02978515625
-0.02099609375
0.05859375
-0.0625
0.03173828125
0.01904296875
-0.056640625
0.0634765625
-0.03369140625
-0.015625
0.05517578125
-0.06201171875
0.03515625
0.013671875
-0.0537109375
0.06396484375
-0.037109375
-0.0107421875
0.05322265625
-0.06494140625
0.03857421875
0.0087890625
-0.052734375
0.06396484375
-0.0419921875
-0.00634765625
0.04931640625
-0.06689453125
0.04296875
0.0029296875
-0.04931640625
0.0634765625
-0.044921875
-0.00146484375
0.04736328125
-0.06494140625
0.04541015625
-0.00048828125
-0.04541015625
0.06494140625
-0.04736328125
0.00146484375
0.04296875
-0.06689453125
0.0478515625
-0.005859375
-0.0419921875
0.06494140625
-0.0517578125
0.005859375
0.03955078125
-0.06396484375
0.05224609375
-0.01025390625
-0.03857421875
0.06298828125
-0.05419921875
0.01025390625
0.03515625
-0.06494140625
0.0546875
-0.013671875
-0.03515625
0.06298828125
-0.0556640625
0.01708984375
0.0322265625
-0.06396484375
0.056640625
-0.01904296875
-0.02978515625
0.0625
-0.05810546875
0.0205078125
0.02734375
-0.060546875
0.05859375
-0.0244140625
-0.02587890625
0.06005859375
-0.060546875
0.02587890625
0.02294921875
-0.060546875
0.060546875
-0.0283203125
-0.0234375
0.0576171875
-0.0615234375
0.0302734375
0.02001953125
-0.05712890625
0.06201171875
-0.03173828125
-0.01806640625
0.05615234375
-0.0615234375
0.03369140625
0.01416015625
-0.05615234375
0.06298828125
-0.03662109375
-0.01318359375
0.05224609375
-0.06396484375
0.0380859375
0.01025390625
-0.0537109375
0.0654296875
-0.0400390625
-0.00830078125
0.05078125
-0.0654296875
0.04052734375
0.0048828125
-0.05029296875
0.064453125
-0.04296875
-0.00439453125
0.04638671875
-0.06494140625
0.04443359375
0.00244140625
-0.046875
0.064453125
-0.046875
0.00146484375
0.04345703125
-0.06591796875
0.0478515625
-0.00341796875
-0.0419921875
0.064453125
-0.05029296875
0.0078125
0.04150390625
-0.0654296875
0.05078125
-0.0068359375
-0.0390625
0.06396484375
-0.05322265625
0.01123046875
0.03759765625
-0.064453125
0.052734375
-0.01220703125
-0.0361328125
0.0634765625
-0.05615234375
0.01611328125
0.033203125
-0.06396484375
0.05615234375
-0.0185546875
-0.03076171875
0.0634765625
-0.05810546875
0.01953125
0.0283203125
-0.0615234375
0.05859375
-0.02197265625
-0.02978515625
0.060546875
-0.05908203125
0.0244140625
0.0244140625
-0.06005859375
0.06005859375
-0.02490234375
-0.0234375
0.05810546875
-0.06201171875
0.02880859375
0.01953125
-0.05810546875
0.060546875
-0.0302734375
-0.0185546875
0.05859375
-0.0634765625
0.03271484375
0.0146484375
-0.05615234375
0.0634765625
-0.03466796875
-0.01416015625
0.05517578125
-0.06396484375
0.03662109375
0.0107421875
-0.052734375
0.064453125
-0.03857421875
-0.009765625
0.05224609375
-0.0654296875
0.0390625
0.0078125
-0.05126953125
0.06396484375
-0.04296875
-0.0048828125
0.048828125
-0.06494140625
0.04296875
0.00146484375
-0.04931640625
0.06396484375
-0.04736328125
-0.0009765625
0.04541015625
-0.06640625
0.04638671875
-0.00244140625
-0.0439453125
0.064453125
-0.048828125
0.00439453125
0.04150390625
-0.0634765625
0.05029296875
-0.0078125
-0.04150390625
0.064453125
-0.05224609375
0.00830078125
0.03759765625
-0.06494140625
0.05322265625
-0.0107421875
-0.037109375
0.06298828125
-0.0537109375
0.0126953125
0.03515625
-0.0634765625
0.056640625
-0.01513671875
-0.033203125
0.06201171875
-0.0576171875
0.0185546875
0.03076171875
-0.0625
0.05859375
-0.02001953125
-0.02783203125
0.06103515625
-0.05908203125
0.0234375
0.0263671875
-0.0625
0.05908203125
-0.0244140625
-0.02294921875
0.0595703125
-0.060546875
0.02685546875
0.021484375
-0.06005859375
0.06201171875
-0.02880859375
-0.0205078125
0.056640625
-0.0634765625
0.03173828125
0.01708984375
-0.05615234375
0.06201171875
-0.03369140625
-0.0146484375
0.05615234375
-0.064453125
0.03466796875
0.01220703125
-0.0546875
0.06298828125
-0.037109375
-0.0107421875
0.0537109375
-0.06396484375
0.03759765625
0.00830078125
-0.05078125
0.06494140625
-0.041015625
-0.0068359375
0.04931640625
-0.06494140625
0.04248046875
0.00390625
-0.04931640625
0.06396484375
-0.0458984375
-0.00244140625
0.0458984375
-0.0654296875
0.0458984375
-0.0009765625
-0.04541015625
0.06591796875
-0.04833984375
0.0029296875
0.04150390625
-0.06640625
0.04931640625
-0.00634765625
-0.0419921875
0.0634765625
-0.05126953125
0.0078125
0.03955078125
-0.06396484375
0.05126953125
-0.009765625
-0.0390625
0.06494140625
-0.0537109375
0.01123046875
0.0341796875
-0.0634765625
0.0537109375
-0.015625
-0.0341796875
0.06201171875
-0.05712890625
0.015625
0.0322265625
-0.06298828125
0.056640625
-0.0205078125
-0.029296875
0.0625
-0.05859375
0.02294921875
0.02734375
-0.06005859375
0.060546875
-0.02392578125
-0.025390625
0.06103515625
-0.05908203125
0.02587890625
0.02294921875
-0.05859375
0.06103515625
-0.02880859375
-0.021484375
0.05908203125
-0.0615234375
0.0302734375
0.01953125
-0.056640625
0.0625
-0.03271484375
-0.015625
0.0556640625
-0.0634765625
0.033203125
0.013671875
-0.05517578125
0.06298828125
-0.03564453125
-0.0126953125
0.0546875
-0.0634765625
0.0380859375
0.01025390625
-0.052734375
0.06396484375
-0.041015625
-0.0068359375
0.0498046875
-0.064453125
0.04150390625
0.00439453125
-0.04736328125
0.06396484375
-0.04248046875
-0.00244140625
0.048828125
-0.06591796875
0.04443359375
0.0009765625
-0.04541015625
0.06640625
-0.04833984375
0.00146484375
0.044921875
-0.0654296875
0.04833984375
-0.00537109375
-0.04248046875
0.0654296875
-0.05078125
0.0048828125
0.04052734375
-0.064453125
0.05029296875
-0.00927734375
-0.0400390625
0.06396484375
-0.052734375
0.01025390625
0.03564453125
-0.0625
0.0546875
-0.01318359375
-0.03564453125
0.06201171875
-0.056640625
0.01611328125
0.03271484375
-0.0634765625
0.05712890625
-0.01806640625
-0.03125
0.0615234375
-0.05810546875
0.01953125
0.02783203125
-0.06201171875
0.05712890625
-0.0234375
-0.02685546875
0.06005859375
-0.06005859375
0.0244140625
0.0234375
-0.06005859375
0.060546875
-0.0263671875
-0.0224609375
0.05908203125
-0.0615234375
0.02880859375
0.01953125
-0.05712890625
0.0625
-0.03076171875
-0.017578125
0.0556640625
-0.0634765625
0.033203125
0.01513671875
-0.056640625
0.06396484375
-0.03515625
-0.01416015625
0.0546875
-0.064453125
0.0361328125
0.01171875
-0.0537109375
0.06494140625
-0.03857421875
-0.00830078125
0.05078125
-0.06396484375
0.04052734375
0.0068359375
-0.048828125
0.06396484375
-0.0439453125
-0.00439453125
0.04833984375
-0.06494140625
0.0439453125
0.0029296875
-0.04736328125
0.0654296875
-0.0458984375
0.0
0.04443359375
-0.064453125
0.0478515625
-0.0029296875
-0.04248046875
0.06494140625
-0.04833984375
0.00390625
0.0419921875
-0.06396484375
0.0517578125
-0.00634765625
-0.04052734375
0.06396484375
-0.05126953125
0.01025390625
0.03857421875
-0.06396484375
0.0517578125
-0.0126953125
-0.03662109375
0.06298828125
-0.05517578125
0.01416015625
0.03466796875
-0.06396484375
0.05517578125
-0.01513671875
-0.033203125
0.0625
-0.05859375
0.01904296875
0.03076171875
-0.0615234375
0.05712890625
-0.02099609375
-0.029296875
0.06103515625
-0.0595703125
0.02197265625
0.0263671875
-0.060546875
0.0595703125
-0.025390625
-0.025390625
0.05908203125
-0.0615234375
0.0283203125
0.02197265625
-0.05908203125
0.06103515625
-0.0302734375
-0.0205078125
0.05712890625
-0.06298828125
0.0322265625
0.01708984375
-0.05712890625
0.06201171875
-0.033203125
-0.015625
0.0537109375
-0.064453125
0.03515625
0.0126953125
-0.05419921875
0.064453125
-0.037109375
-0.0107421875
0.05224609375
-0.0654296875
0.0390625
0.0068359375
-0.0517578125
0.064453125
-0.04150390625
-0.0068359375
0.04931640625
-0.06494140625
0.04345703125
0.00244140625
-0.0478515625
0.0634765625
-0.0458984375
-0.0009765625
0.04541015625
-0.06591796875
0.04638671875
-0.001953125
-0.0458984375
0.064453125
-0.048828125
0.0029296875
0.0439453125
-0.0654296875
0.04931640625
-0.00732421875
-0.041015625
0.06396484375
-0.05078125
0.00830078125
0.04052734375
-0.0654296875
0.052734375
-0.01025390625
-0.03857421875
0.064453125
-0.0556640625
0.0126953125
0.0361328125
-0.064453125
0.05419921875
-0.01513671875
-0.0341796875
0.06201171875
-0.05712890625
0.017578125
0.03173828125
-0.06298828125
0.05908203125
-0.0185546875
-0.03076171875
0.06103515625
-0.05859375
0.02099609375
0.0263671875
-0.06201171875
0.06005859375
-0.025390625
-0.02734375
0.060546875
-0.06103515625
0.02685546875
0.0234375
-0.05859375
0.06201171875
-0.02783203125
-0.021484375
0.05810546875
-0.06201171875
0.029296875
0.01904296875
-0.056640625
0.06201171875
-0.03271484375
-0.0166015625
0.0556640625
-0.0634765625
0.03369140625
0.01416015625
-0.0537109375
0.064453125
-0.0361328125
-0.0126953125
0.052734375
-0.0654296875
0.0400390625
0.009765625
-0.0517578125
0.0634765625
-0.04150390625
-0.00732421875
0.05126953125
-0.06494140625
0.041015625
0.0048828125
-0.04833984375
0.06494140625
-0.0439453125
-0.001953125
0.046875
-0.06640625
0.0439453125
-0.00048828125
-0.0458984375
0.064453125
-0.046875
0.00146484375
0.04443359375
-0.064453125
0.04833984375
-0.00390625
-0.04296875
0.0654296875
-0.05078125
0.005859375
0.04150390625
-0.06591796875
0.05029296875
-0.009765625
-0.0400390625
0.06591796875
-0.052734375
0.009765625
0.0361328125
-0.0634765625
0.05322265625
-0.013671875
-0.03515625
0.06103515625
-0.0556640625
0.015625
0.0322265625
-0.0634765625
0.05615234375
-0.01904296875
-0.03125
0.06298828125
-0.0576171875
0.01953125
0.0283203125
-0.06201171875
0.05908203125
-0.0234375
-0.02783203125
0.060546875
-0.060546875
0.02490234375
0.0234375
-0.0595703125
0.060546875
-0.02734375
-0.02294921875
0.05810546875
-0.06103515625
0.029296875
0.02001953125
-0.05859375
0.0615234375
-0.0322265625
-0.01806640625
0.0556640625
-0.0634765625
0.0341796875
0.01416015625
-0.05615234375
0.06298828125
-0.03515625
-0.013671875
0.05322265625
-0.06396484375
0.03759765625
0.01171875
-0.05322265625
0.06396484375
-0.0400390625
-0.00830078125
0.0517578125
-0.0654296875
0.04052734375
0.0068359375
-0.04931640625
0.064453125
-0.04296875
-0.00390625
0.0478515625
-0.064453125
0.0439453125
0.001953125
-0.0478515625
0.06396484375
-0.04638671875
0.00146484375
0.0458984375
-0.06396484375
0.04736328125
-0.00341796875
-0.04248046875
0.0654296875
-0.0498046875
0.005859375
0.04296875
-0.064453125
0.05078125
-0.0078125
-0.0400390625
0.06494140625
-0.05224609375
0.0078125
0.03759765625
-0.0634765625
0.052734375
-0.01318359375
-0.03564453125
0.0634765625
-0.05615234375
0.01416015625
0.03369140625
-0.0625
0.05615234375
-0.01708984375
-0.033203125
0.06396484375
-0.05712890625
0.01806640625
0.029296875
-0.0625
0.05859375
-0.02099609375
-0.029296875
0.06005859375
-0.06005859375
0.0224609375
0.02685546875
-0.060546875
0.05908203125
-0.02490234375
-0.02294921875
0.06103515625
-0.0595703125
0.0283203125
0.0205078125
-0.0595703125
0.06103515625
-0.03125
-0.02099609375
0.05615234375
-0.06396484375
0.0322265625
0.01611328125
-0.05615234375
0.0634765625
-0.0341796875
-0.01513671875
0.05517578125
-0.0625
0.03759765625
0.01318359375
-0.0546875
