73 -1345
72 -1344
73 -1345
72 -1347
71 -1346
72 -1344
72 -1343
74 -1344
71 -1344
70 -1344
71 -1344
74 -1347
75 -1344
73 -1344
72 -1346
72 -1344
72 -1344
73 -1345
73 -1345
74 -1346
75 -1344
73 -1345
72 -1344
71 -1346
72 -1348
73 -1345
77 -1346
75 -1345
74 -1344
74 -1345
74 -1347
74 -1347
74 -1346
74 -1346
74 -1344
75 -1344
75 -1345
75 -1347
75 -1346
73 -1347
74 -1346
76 -1348
72 -1347
74 -1346
75 -1347
76 -1345
75 -1345
74 -1345
73 -1346
76 -1344
77 -1344
73 -1345
74 -1348
76 -1348
76 -1346
74 -1345
75 -1348
76 -1346
75 -1345
76 -1345
76 -1343
72 -1345
77 -1345
77 -1344
75 -1344
76 -1344
76 -1344
77 -1347
77 -1344
75 -1345
74 -1345
75 -1346
78 -1344
78 -1344
75 -1347
74 -1347
77 -1346
76 -1342
76 -1345
77 -1346
78 -1345
77 -1346
77 -1346
78 -1347
77 -1346
75 -1344
76 -1345
79 -1344
76 -1344
76 -1345
76 -1346
79 -1345
79 -1344
77 -1343
77 -1345
79 -1344
78 -1345
79 -1345
77 -1344
80 -1343
79 -1344
78 -1345
79 -1346
79 -1343
79 -1341
81 -1344
81 -1344
79 -1344
79 -1345
78 -1344
79 -1343
80 -1344
79 -1345
82 -1345
79 -1344
79 -1345
79 -1345
80 -1344
82 -1343
81 -1345
77 -1343
79 -1343
80 -1344
80 -1345
79 -1345
79 -1345
81 -1345
81 -1344
81 -1344
82 -1343
82 -1344
81 -1343
81 -1346
83 -1345
81 -1345
80 -1342
81 -1343
79 -1343
80 -1343
84 -1345
83 -1346
83 -1344
81 -1345
82 -1345
81 -1344
83 -1344
82 -1345
82 -1345
81 -1345
83 -1345
82 -1345
81 -1344
83 -1343
81 -1346
82 -1344
83 -1346
82 -1343
83 -1344
82 -1347
84 -1346
82 -1344
84 -1345
84 -1343
83 -1344
84 -1345
84 -1343
84 -1346
84 -1345
84 -1344
85 -1342
81 -1344
85 -1346
85 -1346
86 -1344
85 -1347
84 -1345
88 -1346
87 -1342
85 -1343
85 -1345
84 -1344
85 -1342
86 -1343
88 -1347
86 -1344
86 -1346
86 -1343
87 -1346
86 -1344
84 -1345
86 -1345
86 -1344
86 -1346
86 -1345
87 -1343
87 -1343
87 -1343
86 -1346
86 -1346
87 -1345
85 -1345
87 -1344
87 -1343
85 -1345
86 -1344
89 -1343
88 -1343
88 -1346
88 -1346
86 -1346
87 -1343
86 -1344
88 -1345
90 -1343
90 -1347
89 -1346
88 -1343
89 -1346
88 -1345
90 -1345
89 -1343
90 -1344
88 -1344
90 -1344
91 -1346
87 -1343
89 -1345
91 -1343
88 -1344
88 -1343
88 -1343
88 -1343
89 -1343
90 -1344
90 -1345
89 -1345
89 -1346
88 -1345
91 -1345
90 -1344
89 -1344
89 -1345
90 -1344
90 -1343
90 -1345
88 -1344
90 -1345
90 -1344
88 -1344
90 -1344
91 -1343
90 -1343
89 -1345
90 -1345
91 -1345
91 -1346
88 -1343
91 -1342
92 -1345
87 -1341
88 -1342
88 -1346
90 -1345
88 -1343
88 -1344
90 -1347
89 -1347
89 -1345
88 -1343
91 -1343
89 -1344
89 -1345
89 -1342
90 -1344
91 -1345
90 -1345
89 -1347
90 -1343
90 -1344
89 -1345
91 -1344
91 -1343
91 -1342
90 -1342
93 -1343
91 -1343
90 -1343
91 -1345
92 -1345
91 -1345
92 -1346
92 -1344
91 -1343
92 -1345
91 -1344
92 -1342
94 -1343
95 -1342
93 -1342
92 -1343
93 -1344
93 -1343
89 -1346
92 -1345
93 -1344
93 -1344
93 -1342
93 -1343
91 -1343
92 -1344
94 -1342
92 -1344
93 -1342
94 -1345
92 -1344
93 -1344
95 -1345
94 -1346
94 -1345
94 -1343
95 -1345
95 -1342
94 -1345
95 -1343
94 -1345
96 -1345
95 -1342
95 -1345
96 -1343
96 -1343
95 -1344
95 -1343
93 -1345
95 -1344
96 -1344
96 -1345
98 -1344
95 -1343
94 -1345
98 -1346
96 -1342
95 -1343
97 -1345
98 -1344
97 -1343
97 -1346
96 -1342
96 -1343
98 -1343
96 -1345
97 -1343
99 -1343
99 -1344
99 -1343
96 -1344
97 -1346
98 -1344
98 -1343
99 -1343
98 -1346
99 -1343
100 -1344
98 -1343
98 -1344
99 -1343
98 -1343
100 -1344
100 -1343
100 -1343
98 -1346
99 -1342
101 -1343
101 -1346
100 -1345
97 -1344
101 -1343
100 -1343
101 -1344
100 -1343
99 -1340
101 -1342
101 -1343
99 -1345
101 -1345
102 -1344
101 -1344
101 -1340
101 -1341
102 -1345
101 -1343
101 -1344
101 -1344
101 -1340
99 -1343
102 -1344
100 -1341
102 -1343
100 -1344
102 -1342
102 -1343
102 -1344
104 -1343
104 -1340
103 -1342
103 -1342
102 -1343
103 -1341
102 -1342
103 -1345
102 -1345
101 -1346
102 -1340
104 -1341
104 -1342
103 -1342
103 -1344
103 -1343
103 -1341
104 -1341
104 -1345
104 -1343
104 -1344
103 -1342
105 -1341
104 -1341
104 -1342
104 -1342
105 -1343
106 -1341
105 -1342
103 -1342
106 -1342
106 -1344
104 -1345
103 -1341
104 -1342
107 -1343
105 -1343
106 -1343
106 -1340
107 -1343
107 -1341
106 -1342
105 -1343
106 -1341
105 -1342
106 -1343
106 -1341
106 -1343
104 -1343
108 -1344
107 -1342
107 -1342
107 -1343
106 -1342
105 -1343
107 -1343
106 -1339
105 -1338
106 -1343
108 -1343
107 -1342
107 -1344
107 -1342
107 -1342
106 -1342
107 -1342
107 -1342
106 -1342
107 -1342
107 -1343
108 -1343
109 -1342
107 -1343
107 -1344
107 -1342
105 -1343
108 -1342
107 -1343
107 -1342
107 -1344
109 -1344
111 -1342
107 -1341
107 -1341
108 -1341
109 -1343
106 -1342
107 -1342
110 -1341
106 -1341
108 -1343
107 -1344
109 -1342
107 -1342
110 -1345
108 -1342
108 -1340
109 -1344
110 -1342
110 -1339
108 -1341
109 -1344
107 -1342
110 -1340
109 -1344
110 -1342
111 -1339
112 -1341
110 -1341
109 -1341
109 -1341
111 -1343
111 -1346
108 -1343
108 -1341
110 -1343
112 -1343
110 -1343
108 -1341
110 -1342
110 -1342
108 -1343
111 -1344
109 -1341
111 -1340
112 -1341
112 -1344
110 -1341
111 -1344
109 -1343
111 -1343
112 -1342
111 -1341
109 -1342
109 -1343
109 -1343
112 -1343
112 -1341
112 -1343
114 -1343
110 -1343
112 -1339
110 -1341
112 -1342
110 -1343
110 -1341
112 -1340
112 -1341
111 -1343
113 -1341
115 -1343
113 -1341
110 -1339
112 -1341
111 -1342
113 -1342
111 -1339
113 -1340
114 -1342
111 -1344
112 -1342
114 -1342
115 -1343
112 -1342
114 -1340
113 -1340
114 -1341
113 -1343
113 -1341
114 -1342
113 -1342
113 -1342
115 -1340
115 -1342
115 -1340
116 -1343
115 -1342
115 -1340
117 -1342
117 -1339
115 -1342
115 -1342
114 -1342
114 -1342
114 -1343
116 -1341
117 -1342
115 -1342
116 -1342
116 -1342
115 -1340
117 -1340
117 -1341
115 -1342
115 -1341
117 -1341
116 -1339
118 -1342
120 -1339
118 -1340
120 -1342
117 -1342
119 -1341
117 -1341
116 -1343
118 -1342
118 -1342
120 -1341
120 -1341
122 -1343
120 -1341
122 -1342
121 -1339
119 -1341
117 -1342
122 -1341
122 -1341
119 -1341
119 -1340
123 -1341
120 -1343
120 -1343
121 -1344
120 -1343
120 -1343
124 -1339
122 -1339
120 -1341
122 -1345
123 -1343
121 -1339
120 -1340
121 -1342
121 -1340
122 -1341
122 -1342
122 -1341
123 -1340
122 -1342
122 -1341
124 -1340
125 -1340
124 -1340
122 -1344
123 -1342
123 -1340
123 -1340
125 -1340
123 -1342
124 -1342
123 -1342
123 -1340
124 -1341
123 -1340
123 -1342
124 -1340
127 -1339
123 -1341
123 -1341
126 -1341
124 -1338
121 -1339
124 -1342
126 -1341
125 -1339
124 -1340
127 -1341
127 -1339
125 -1342
127 -1340
124 -1341
127 -1339
124 -1338
126 -1343
122 -1340
127 -1341
127 -1340
127 -1340
127 -1341
127 -1342
126 -1338
125 -1340
126 -1341
126 -1340
126 -1339
126 -1339
126 -1340
128 -1342
126 -1340
127 -1340
130 -1341
125 -1339
127 -1340
126 -1339
128 -1338
127 -1341
127 -1340
129 -1341
128 -1339
129 -1339
130 -1339
130 -1338
129 -1340
127 -1340
128 -1337
128 -1338
130 -1340
128 -1339
130 -1339
129 -1342
128 -1340
129 -1341
127 -1342
131 -1339
130 -1340
128 -1340
128 -1340
128 -1341
131 -1342
129 -1341
128 -1339
133 -1341
130 -1340
133 -1340
131 -1339
130 -1341
131 -1339
131 -1339
130 -1341
131 -1339
133 -1343
130 -1339
131 -1339
130 -1342
130 -1340
133 -1340
134 -1339
129 -1340
131 -1342
135 -1340
131 -1339
131 -1339
131 -1341
133 -1341
134 -1338
131 -1340
132 -1342
132 -1340
135 -1341
132 -1340
132 -1341
133 -1341
132 -1339
135 -1340
132 -1341
134 -1337
136 -1343
133 -1341
135 -1339
134 -1341
134 -1338
132 -1341
132 -1340
136 -1342
137 -1339
135 -1339
134 -1339
138 -1339
134 -1340
135 -1341
135 -1339
134 -1340
134 -1342
136 -1340
136 -1339
136 -1339
136 -1341
132 -1339
135 -1339
135 -1341
134 -1339
137 -1338
137 -1339
135 -1340
136 -1342
138 -1340
136 -1338
136 -1339
138 -1340
136 -1339
138 -1339
135 -1340
137 -1339
138 -1340
138 -1338
139 -1340
137 -1341
135 -1340
137 -1341
138 -1340
138 -1339
137 -1337
138 -1338
140 -1338
138 -1340
138 -1341
139 -1338
138 -1339
139 -1340
139 -1343
139 -1340
138 -1338
140 -1341
138 -1340
139 -1339
142 -1340
140 -1340
138 -1341
139 -1339
138 -1339
139 -1341
138 -1341
137 -1339
139 -1338
139 -1339
139 -1340
137 -1340
138 -1338
140 -1339
141 -1337
140 -1337
141 -1341
140 -1341
141 -1342
141 -1341
142 -1338
140 -1339
140 -1340
140 -1338
142 -1337
141 -1340
143 -1342
140 -1337
139 -1339
140 -1339
139 -1339
141 -1339
141 -1339
140 -1341
140 -1340
143 -1338
143 -1340
139 -1341
141 -1339
143 -1340
142 -1340
140 -1340
141 -1340
141 -1339
140 -1340
141 -1343
141 -1339
144 -1338
141 -1340
142 -1340
143 -1338
142 -1339
141 -1338
141 -1340
143 -1341
143 -1341
142 -1339
143 -1340
141 -1339
147 -1338
144 -1339
142 -1340
146 -1339
144 -1339
145 -1339
143 -1338
144 -1340
144 -1337
143 -1340
147 -1339
145 -1338
145 -1338
147 -1337
145 -1339
145 -1339
147 -1339
147 -1339
148 -1340
145 -1339
144 -1338
148 -1339
147 -1338
145 -1337
147 -1337
145 -1339
144 -1338
147 -1339
145 -1337
146 -1340
147 -1338
146 -1338
145 -1340
147 -1340
147 -1339
147 -1338
149 -1339
150 -1339
148 -1335
148 -1340
148 -1337
148 -1338
148 -1340
150 -1338
148 -1338
146 -1340
148 -1338
150 -1340
150 -1337
147 -1338
148 -1339
147 -1337
150 -1337
150 -1341
149 -1340
150 -1334
151 -1338
148 -1341
149 -1339
148 -1338
150 -1338
150 -1337
153 -1340
151 -1342
150 -1339
152 -1337
151 -1338
149 -1338
149 -1339
152 -1339
151 -1339
151 -1338
150 -1340
151 -1338
153 -1336
151 -1338
151 -1340
154 -1337
150 -1338
151 -1338
150 -1339
149 -1339
153 -1339
153 -1338
150 -1339
151 -1339
152 -1338
152 -1338
152 -1337
153 -1338
153 -1338
152 -1339
154 -1339
151 -1337
153 -1340
154 -1338
153 -1339
152 -1339
153 -1339
153 -1337
155 -1338
154 -1340
151 -1339
152 -1339
154 -1336
154 -1339
153 -1339
152 -1340
152 -1337
156 -1340
152 -1340
154 -1336
155 -1339
156 -1340
155 -1339
155 -1338
152 -1338
154 -1339
158 -1338
154 -1341
158 -1338
156 -1335
156 -1336
156 -1337
155 -1339
156 -1337
156 -1336
157 -1338
157 -1339
155 -1338
156 -1339
157 -1339
155 -1336
157 -1339
159 -1339
158 -1337
157 -1339
157 -1335
156 -1337
157 -1341
158 -1338
158 -1338
155 -1338
157 -1337
158 -1336
157 -1337
158 -1336
158 -1340
157 -1337
157 -1335
158 -1337
158 -1336
158 -1335
160 -1336
158 -1340
158 -1338
160 -1337
159 -1338
160 -1337
161 -1337
159 -1338
159 -1335
159 -1341
157 -1339
158 -1337
158 -1340
160 -1337
162 -1338
161 -1338
160 -1337
161 -1337
160 -1338
160 -1337
161 -1336
162 -1338
160 -1337
159 -1335
161 -1336
164 -1336
161 -1335
163 -1337
163 -1336
162 -1336
160 -1338
160 -1339
160 -1338
162 -1339
163 -1337
161 -1336
162 -1336
163 -1337
162 -1338
162 -1336
163 -1335
162 -1337
161 -1338
164 -1338
162 -1336
161 -1335
162 -1334
161 -1338
162 -1339
163 -1336
163 -1338
162 -1336
161 -1337
163 -1337
162 -1334
164 -1337
165 -1337
165 -1335
164 -1338
163 -1336
163 -1336
163 -1337
161 -1338
164 -1336
164 -1337
161 -1336
164 -1338
164 -1337
165 -1336
164 -1337
164 -1336
164 -1336
167 -1338
164 -1336
166 -1336
165 -1338
165 -1338
167 -1338
164 -1338
165 -1337
164 -1339
163 -1337
165 -1336
164 -1333
165 -1338
164 -1339
165 -1337
164 -1336
166 -1336
166 -1337
165 -1336
168 -1335
166 -1335
165 -1336
165 -1335
168 -1337
167 -1334
169 -1336
167 -1338
167 -1337
166 -1337
166 -1335
167 -1335
167 -1336
168 -1336
169 -1336
168 -1337
170 -1335
168 -1334
167 -1336
167 -1333
167 -1338
167 -1337
167 -1336
168 -1336
169 -1335
168 -1337
170 -1336
169 -1336
171 -1338
171 -1337
168 -1334
171 -1337
169 -1334
169 -1336
171 -1336
169 -1336
168 -1335
168 -1335
172 -1335
169 -1337
168 -1339
168 -1334
171 -1335
169 -1336
172 -1336
171 -1336
169 -1337
168 -1335
170 -1335
171 -1336
169 -1337
169 -1334
170 -1335
169 -1335
170 -1334
171 -1334
171 -1334
168 -1337
169 -1336
170 -1333
170 -1336
171 -1336
173 -1335
169 -1334
170 -1335
169 -1335
171 -1336
175 -1336
172 -1336
172 -1334
173 -1335
173 -1335
171 -1333
170 -1334
171 -1334
174 -1335
172 -1337
171 -1336
176 -1337
174 -1336
173 -1335
171 -1334
171 -1333
175 -1334
173 -1336
170 -1335
173 -1334
175 -1334
174 -1334
174 -1337
176 -1335
174 -1335
174 -1338
174 -1334
174 -1336
175 -1337
173 -1332
173 -1332
173 -1332
174 -1334
176 -1334
175 -1336
177 -1335
175 -1332
175 -1337
176 -1334
176 -1334
179 -1336
176 -1330
174 -1333
175 -1336
175 -1336
176 -1332
175 -1335
176 -1336
177 -1336
178 -1335
176 -1333
177 -1334
177 -1335
175 -1334
176 -1334
176 -1335
177 -1335
176 -1336
177 -1334
177 -1336
176 -1337
177 -1336
178 -1333
180 -1334
178 -1336
177 -1332
178 -1334
179 -1334
178 -1333
179 -1337
179 -1335
176 -1334
177 -1335
177 -1334
177 -1335
177 -1333
178 -1335
179 -1334
178 -1333
179 -1337
180 -1334
180 -1332
181 -1337
179 -1333
178 -1334
179 -1335
179 -1333
180 -1335
179 -1334
179 -1336
183 -1334
180 -1334
178 -1333
179 -1335
181 -1336
182 -1334
180 -1335
179 -1334
178 -1333
180 -1334
181 -1335
181 -1333
181 -1335
182 -1334
182 -1335
182 -1333
181 -1333
181 -1336
180 -1335
181 -1334
182 -1335
180 -1333
182 -1332
179 -1333
182 -1334
179 -1332
181 -1332
184 -1333
184 -1334
182 -1335
183 -1333
183 -1334
180 -1336
185 -1335
183 -1334
180 -1334
182 -1333
182 -1334
185 -1333
185 -1334
184 -1332
186 -1333
181 -1331
184 -1334
185 -1334
184 -1333
186 -1335
184 -1334
184 -1333
186 -1334
187 -1333
184 -1330
186 -1334
186 -1332
187 -1333
184 -1334
189 -1332
190 -1335
187 -1332
189 -1333
186 -1331
188 -1333
187 -1333
184 -1333
187 -1334
188 -1332
187 -1335
187 -1331
187 -1332
189 -1333
188 -1332
190 -1333
188 -1334
189 -1335
190 -1332
188 -1334
186 -1333
188 -1333
187 -1332
191 -1331
190 -1333
189 -1332
190 -1333
188 -1332
188 -1331
188 -1334
191 -1333
193 -1333
189 -1332
191 -1333
191 -1334
191 -1333
191 -1331
191 -1331
193 -1332
192 -1332
191 -1332
190 -1332
190 -1330
189 -1333
191 -1334
191 -1332
190 -1332
191 -1331
192 -1333
193 -1330
192 -1334
190 -1333
190 -1333
191 -1332
193 -1330
193 -1332
194 -1332
193 -1333
192 -1332
196 -1333
194 -1331
192 -1333
193 -1331
193 -1332
194 -1329
195 -1331
192 -1332
192 -1331
195 -1331
194 -1333
193 -1331
193 -1332
194 -1329
195 -1332
193 -1335
194 -1330
193 -1330
196 -1332
196 -1331
193 -1331
196 -1334
195 -1333
196 -1334
194 -1331
195 -1332
193 -1335
192 -1331
195 -1330
195 -1331
196 -1332
196 -1333
192 -1329
194 -1331
195 -1334
192 -1331
194 -1332
196 -1331
195 -1332
195 -1331
194 -1333
194 -1333
194 -1328
199 -1333
196 -1335
195 -1332
195 -1331
197 -1332
197 -1332
198 -1331
196 -1333
199 -1332
198 -1330
195 -1331
198 -1333
198 -1331
197 -1332
197 -1334
195 -1333
200 -1332
199 -1331
195 -1330
195 -1332
196 -1329
198 -1333
198 -1331
200 -1330
199 -1333
197 -1328
200 -1331
199 -1334
198 -1331
198 -1331
199 -1331
200 -1333
200 -1331
200 -1330
200 -1332
201 -1332
200 -1331
200 -1331
200 -1329
202 -1330
196 -1331
199 -1332
200 -1334
198 -1330
201 -1331
201 -1332
201 -1332
202 -1331
203 -1331
202 -1330
202 -1331
202 -1330
203 -1332
201 -1329
202 -1330
204 -1334
202 -1332
199 -1332
201 -1334
203 -1331
204 -1333
202 -1332
203 -1332
203 -1330
204 -1329
204 -1332
204 -1330
204 -1331
204 -1330
204 -1332
205 -1330
202 -1330
202 -1330
205 -1332
207 -1331
206 -1331
204 -1332
203 -1329
203 -1330
204 -1331
205 -1333
202 -1332
201 -1332
205 -1329
204 -1329
206 -1330
204 -1331
204 -1331
203 -1330
203 -1333
205 -1332
205 -1334
200 -1330
206 -1331
205 -1333
205 -1328
204 -1330
206 -1328
204 -1330
204 -1332
206 -1332
204 -1332
203 -1331
205 -1331
205 -1334
204 -1331
206 -1331
205 -1330
202 -1332
206 -1331
208 -1331
204 -1330
205 -1330
207 -1332
206 -1330
207 -1328
208 -1330
205 -1332
206 -1330
207 -1329
206 -1330
209 -1329
206 -1331
206 -1331
208 -1329
209 -1330
207 -1331
210 -1329
209 -1331
209 -1328
207 -1330
206 -1329
208 -1329
208 -1329
210 -1330
209 -1331
208 -1329
208 -1330
211 -1330
209 -1332
209 -1330
210 -1330
210 -1332
207 -1331
211 -1330
208 -1329
210 -1330
209 -1329
209 -1329
211 -1332
212 -1331
211 -1330
211 -1329
209 -1330
209 -1331
212 -1330
212 -1330
209 -1330
210 -1329
212 -1329
210 -1331
212 -1331
209 -1330
209 -1332
210 -1330
211 -1330
211 -1331
214 -1329
212 -1327
212 -1331
213 -1330
211 -1330
212 -1331
211 -1327
213 -1329
212 -1331
211 -1331
212 -1328
209 -1332
211 -1329
211 -1329
214 -1330
211 -1329
211 -1330
214 -1328
214 -1332
212 -1331
211 -1330
211 -1330
212 -1329
213 -1329
213 -1327
211 -1328
215 -1329
213 -1330
213 -1329
212 -1329
214 -1328
214 -1329
214 -1328
213 -1327
213 -1329
213 -1328
215 -1329
213 -1327
214 -1328
214 -1330
215 -1331
215 -1328
213 -1329
214 -1329
214 -1330
214 -1328
215 -1329
213 -1329
215 -1328
216 -1328
216 -1328
215 -1328
215 -1330
215 -1330
214 -1328
217 -1331
215 -1329
216 -1328
215 -1330
214 -1327
215 -1328
217 -1328
216 -1328
216 -1329
216 -1328
218 -1329
216 -1328
217 -1328
215 -1329
216 -1330
218 -1330
217 -1329
216 -1327
216 -1329
218 -1330
217 -1329
216 -1328
217 -1329
217 -1329
218 -1328
217 -1329
217 -1329
217 -1327
219 -1329
216 -1331
218 -1328
219 -1329
219 -1329
219 -1329
218 -1331
218 -1329
219 -1327
219 -1332
216 -1328
220 -1330
218 -1326
219 -1329
219 -1328
218 -1329
221 -1328
221 -1327
218 -1328
220 -1329
220 -1328
219 -1329
218 -1329
219 -1328
219 -1327
220 -1330
219 -1328
221 -1327
220 -1325
219 -1329
220 -1329
221 -1330
220 -1327
221 -1328
219 -1329
220 -1329
219 -1330
219 -1327
223 -1326
220 -1325
221 -1327
219 -1328
218 -1329
223 -1327
221 -1329
220 -1326
220 -1329
222 -1329
221 -1325
220 -1328
221 -1331
221 -1328
222 -1327
221 -1329
222 -1329
222 -1328
223 -1329
222 -1329
224 -1328
221 -1329
221 -1328
221 -1328
224 -1328
221 -1327
219 -1329
220 -1327
220 -1329
221 -1328
223 -1329
223 -1328
222 -1327
222 -1328
222 -1328
220 -1328
221 -1330
222 -1330
223 -1327
221 -1328
223 -1329
224 -1328
221 -1328
224 -1329
223 -1329
223 -1329
225 -1329
222 -1327
220 -1329
223 -1328
225 -1329
224 -1328
223 -1327
224 -1326
222 -1326
222 -1328
227 -1328
225 -1329
224 -1330
223 -1327
224 -1326
226 -1327
224 -1327
224 -1328
223 -1329
224 -1327
223 -1326
226 -1327
224 -1327
226 -1326
227 -1326
226 -1328
226 -1327
228 -1327
227 -1327
227 -1327
225 -1326
227 -1327
225 -1327
225 -1327
226 -1327
227 -1326
227 -1326
229 -1327
227 -1325
228 -1327
229 -1327
228 -1327
226 -1327
228 -1326
227 -1327
228 -1325
229 -1328
229 -1327
229 -1326
231 -1325
228 -1326
230 -1326
229 -1326
230 -1325
230 -1325
230 -1328
226 -1327
229 -1325
229 -1326
228 -1328
227 -1327
229 -1327
229 -1325
229 -1328
230 -1324
230 -1325
230 -1327
230 -1324
231 -1326
230 -1327
230 -1326
230 -1327
231 -1326
233 -1326
231 -1327
231 -1327
231 -1326
232 -1325
231 -1326
230 -1326
232 -1326
232 -1327
232 -1325
230 -1324
233 -1328
231 -1329
231 -1323
232 -1327
235 -1327
233 -1325
233 -1326
233 -1325
231 -1324
231 -1328
233 -1328
233 -1325
232 -1324
233 -1328
232 -1327
232 -1327
232 -1324
232 -1327
231 -1324
233 -1324
233 -1327
230 -1327
233 -1324
232 -1323
232 -1327
233 -1326
231 -1323
231 -1325
232 -1327
232 -1324
234 -1323
234 -1326
232 -1327
232 -1326
233 -1324
234 -1323
232 -1323
231 -1324
232 -1326
235 -1325
235 -1324
233 -1326
234 -1324
234 -1326
232 -1325
232 -1325
233 -1327
234 -1327
231 -1324
233 -1323
234 -1324
234 -1326
234 -1327
236 -1324
235 -1325
233 -1326
235 -1326
233 -1326
235 -1324
234 -1325
235 -1326
233 -1326
236 -1328
235 -1326
234 -1323
234 -1326
234 -1326
236 -1325
234 -1324
234 -1323
234 -1324
234 -1324
233 -1323
235 -1325
234 -1323
236 -1325
236 -1323
236 -1325
235 -1325
236 -1326
237 -1325
235 -1328
235 -1325
236 -1326
235 -1326
236 -1326
238 -1327
237 -1324
237 -1323
237 -1325
236 -1324
237 -1322
238 -1326
237 -1324
238 -1323
237 -1327
238 -1327
239 -1323
238 -1323
237 -1323
237 -1326
238 -1326
236 -1323
235 -1326
237 -1327
236 -1325
237 -1326
236 -1325
237 -1324
237 -1324
238 -1323
237 -1324
238 -1324
237 -1324
239 -1325
238 -1326
241 -1324
240 -1325
237 -1326
237 -1323
238 -1325
237 -1322
237 -1326
239 -1325
241 -1325
239 -1323
240 -1323
239 -1324
238 -1325
240 -1324
241 -1323
241 -1322
241 -1324
239 -1325
239 -1324
238 -1323
242 -1325
241 -1324
241 -1325
241 -1326
241 -1324
240 -1324
242 -1325
239 -1324
241 -1324
239 -1322
239 -1325
242 -1323
244 -1325
241 -1322
241 -1326
242 -1326
242 -1323
242 -1322
242 -1325
244 -1324
242 -1323
240 -1323
240 -1325
241 -1323
241 -1324
242 -1326
243 -1326
242 -1327
245 -1323
245 -1321
241 -1321
242 -1325
244 -1323
244 -1322
244 -1324
245 -1324
243 -1325
244 -1324
245 -1322
246 -1324
247 -1323
244 -1326
243 -1324
245 -1323
244 -1323
245 -1324
243 -1322
243 -1322
244 -1321
244 -1323
244 -1324
247 -1324
244 -1323
246 -1323
245 -1325
244 -1323
245 -1320
247 -1323
247 -1324
247 -1323
